   0.00000000       0.00000000      = l, b
    d       x       y       z       ne      dsm    arm  cl void
  0.005   0.000   8.495   0.000   0.0050  0.250E-06 5    0  0
  0.015   0.000   8.485   0.000   0.0050  0.250E-06 5    0  0
  0.025   0.000   8.475   0.000   0.0050  0.250E-06 5    0  0
  0.035   0.000   8.465   0.000   0.0050  0.250E-06 5    0  0
  0.045   0.000   8.455   0.000   0.0050  0.250E-06 5    0  0
  0.055   0.000   8.445   0.000   0.0050  0.250E-06 5    0  0
  0.065   0.000   8.435   0.000   0.0050  0.250E-06 5    0  0
  0.075   0.000   8.425   0.000   0.0050  0.250E-06 5    0  0
  0.085   0.000   8.415   0.000   0.0050  0.250E-06 5    0  0
  0.095   0.000   8.405   0.000   0.0050  0.250E-06 5    0  0
  0.105   0.000   8.395   0.000   0.0050  0.250E-06 5    0  0
  0.115   0.000   8.385   0.000   0.0050  0.250E-06 5    0  0
  0.125   0.000   8.375   0.000   0.0050  0.250E-06 5    0  0
  0.135   0.000   8.365   0.000   0.0050  0.250E-06 5    0  0
  0.145   0.000   8.355   0.000   0.0050  0.250E-06 5    0  0
  0.155   0.000   8.345   0.000   0.0125  0.313E-04 5    0  0
  0.165   0.000   8.335   0.000   0.0125  0.313E-04 5    0  0
  0.175   0.000   8.325   0.000   0.0125  0.313E-04 5    0  0
  0.185   0.000   8.315   0.000   0.0125  0.313E-04 5    0  0
  0.195   0.000   8.305   0.000   0.0125  0.156E-05 5    0  0
  0.205   0.000   8.295   0.000   0.0125  0.156E-05 5    0  0
  0.215   0.000   8.285   0.000   0.0125  0.156E-05 5    0  0
  0.225   0.000   8.275   0.000   0.0125  0.156E-05 5    0  0
  0.235   0.000   8.265   0.000   0.0125  0.156E-05 5    0  0
  0.245   0.000   8.255   0.000   0.0125  0.156E-05 5    0  0
  0.255   0.000   8.245   0.000   0.0125  0.156E-05 5    0  0
  0.265   0.000   8.235   0.000   0.0235  0.208E-03 5    0  0
  0.275   0.000   8.225   0.000   0.0236  0.214E-03 5    0  0
  0.285   0.000   8.215   0.000   0.0237  0.219E-03 5    0  0
  0.295   0.000   8.205   0.000   0.0238  0.226E-03 5    0  0
  0.305   0.000   8.195   0.000   0.0239  0.232E-03 5    0  0
  0.315   0.000   8.185   0.000   0.0241  0.240E-03 5    0  0
  0.325   0.000   8.175   0.000   0.0242  0.247E-03 5    0  0
  0.335   0.000   8.165   0.000   0.0244  0.256E-03 5    0  0
  0.345   0.000   8.155   0.000   0.0245  0.265E-03 5    0  0
  0.355   0.000   8.145   0.000   0.0247  0.275E-03 5    0  0
  0.365   0.000   8.135   0.000   0.0249  0.285E-03 5    0  0
  0.375   0.000   8.125   0.000   0.0250  0.297E-03 5    0  0
  0.385   0.000   8.115   0.000   0.0252  0.309E-03 5    0  0
  0.395   0.000   8.105   0.000   0.0254  0.322E-03 5    0  0
  0.405   0.000   8.095   0.000   0.0257  0.336E-03 5    0  0
  0.415   0.000   8.085   0.000   0.0259  0.351E-03 5    0  0
  0.425   0.000   8.075   0.000   0.0261  0.367E-03 5    0  0
  0.435   0.000   8.065   0.000   0.0264  0.384E-03 5    0  0
  0.445   0.000   8.055   0.000   0.0266  0.403E-03 5    0  0
  0.455   0.000   8.045   0.000   0.0269  0.422E-03 5    0  0
  0.465   0.000   8.035   0.000   0.0272  0.444E-03 5    0  0
  0.475   0.000   8.025   0.000   0.0275  0.466E-03 5    0  0
  0.485   0.000   8.015   0.000   0.0278  0.490E-03 5    0  0
  0.495   0.000   8.005   0.000   0.0281  0.516E-03 5    0  0
  0.505   0.000   7.995   0.000   0.0285  0.544E-03 5    0  0
  0.515   0.000   7.985   0.000   0.0288  0.573E-03 5    0  0
  0.525   0.000   7.975   0.000   0.0292  0.605E-03 5    0  0
  0.535   0.000   7.965   0.000   0.0296  0.638E-03 5    0  0
  0.545   0.000   7.955   0.000   0.0300  0.674E-03 3    0  0
  0.555   0.000   7.945   0.000   0.0304  0.712E-03 3    0  0
  0.565   0.000   7.935   0.000   0.0308  0.753E-03 3    0  0
  0.575   0.000   7.925   0.000   0.0312  0.796E-03 3    0  0
  0.585   0.000   7.915   0.000   0.0317  0.843E-03 3    0  0
  0.595   0.000   7.905   0.000   0.0321  0.892E-03 3    0  0
  0.605   0.000   7.895   0.000   0.0326  0.944E-03 3    0  0
  0.615   0.000   7.885   0.000   0.0331  0.999E-03 3    0  0
  0.625   0.000   7.875   0.000   0.0336  0.106E-02 3    0  0
  0.635   0.000   7.865   0.000   0.0341  0.112E-02 3    0  0
  0.645   0.000   7.855   0.000   0.0347  0.119E-02 3    0  0
  0.655   0.000   7.845   0.000   0.0352  0.126E-02 3    0  0
  0.665   0.000   7.835   0.000   0.0358  0.133E-02 3    0  0
  0.675   0.000   7.825   0.000   0.0364  0.141E-02 3    0  0
  0.685   0.000   7.815   0.000   0.0370  0.149E-02 3    0  0
  0.695   0.000   7.805   0.000   0.0376  0.158E-02 3    0  0
  0.705   0.000   7.795   0.000   0.0382  0.167E-02 3    0  0
  0.715   0.000   7.785   0.000   0.0388  0.177E-02 3    0  0
  0.725   0.000   7.775   0.000   0.0395  0.187E-02 3    0  0
  0.735   0.000   7.765   0.000   0.0402  0.198E-02 3    0  0
  0.745   0.000   7.755   0.000   0.0408  0.209E-02 3    0  0
  0.755   0.000   7.745   0.000   0.0415  0.221E-02 3    0  0
  0.765   0.000   7.735   0.000   0.0422  0.234E-02 3    0  0
  0.775   0.000   7.725   0.000   0.0430  0.247E-02 3    0  0
  0.785   0.000   7.715   0.000   0.0437  0.261E-02 3    0  0
  0.795   0.000   7.705   0.000   0.0445  0.275E-02 3    0  0
  0.805   0.000   7.695   0.000   0.0452  0.290E-02 3    0  0
  0.815   0.000   7.685   0.000   0.0460  0.306E-02 3    0  0
  0.825   0.000   7.675   0.000   0.0468  0.323E-02 3    0  0
  0.835   0.000   7.665   0.000   0.0476  0.340E-02 3    0  0
  0.845   0.000   7.655   0.000   0.0484  0.358E-02 3    0  0
  0.855   0.000   7.645   0.000   0.0493  0.377E-02 3    0  0
  0.865   0.000   7.635   0.000   0.0501  0.397E-02 3    0  0
  0.875   0.000   7.625   0.000   0.0510  0.417E-02 3    0  0
  0.885   0.000   7.615   0.000   0.0518  0.439E-02 3    0  0
  0.895   0.000   7.605   0.000   0.0527  0.461E-02 3    0  0
  0.905   0.000   7.595   0.000   0.0536  0.484E-02 3    0  0
  0.915   0.000   7.585   0.000   0.0545  0.508E-02 3    0  0
  0.925   0.000   7.575   0.000   0.0554  0.532E-02 3    0  0
  0.935   0.000   7.565   0.000   0.0563  0.558E-02 3    0  0
  0.945   0.000   7.555   0.000   0.0572  0.584E-02 3    0  0
  0.955   0.000   7.545   0.000   0.0582  0.612E-02 3    0  0
  0.965   0.000   7.535   0.000   0.0591  0.640E-02 3    0  0
  0.975   0.000   7.525   0.000   0.0600  0.669E-02 3    0  0
  0.985   0.000   7.515   0.000   0.0610  0.699E-02 3    0  0
  0.995   0.000   7.505   0.000   0.0619  0.730E-02 3    0  0
  1.005   0.000   7.495   0.000   0.0629  0.762E-02 3    0  0
  1.015   0.000   7.485   0.000   0.0639  0.794E-02 3    0  0
  1.025   0.000   7.475   0.000   0.0648  0.828E-02 3    0  0
  1.035   0.000   7.465   0.000   0.0658  0.862E-02 3    0  0
  1.045   0.000   7.455   0.000   0.0668  0.898E-02 3    0  0
  1.055   0.000   7.445   0.000   0.0678  0.934E-02 3    0  0
  1.065   0.000   7.435   0.000   0.0688  0.971E-02 3    0  0
  1.075   0.000   7.425   0.000   0.0697  0.101E-01 3    0  0
  1.085   0.000   7.415   0.000   0.0707  0.105E-01 3    0  0
  1.095   0.000   7.405   0.000   0.0717  0.109E-01 3    0  0
  1.105   0.000   7.395   0.000   0.0727  0.113E-01 3    0  0
  1.115   0.000   7.385   0.000   0.0736  0.117E-01 3    0  0
  1.125   0.000   7.375   0.000   0.0746  0.121E-01 3    0  0
  1.135   0.000   7.365   0.000   0.0756  0.125E-01 3    0  0
  1.145   0.000   7.355   0.000   0.0765  0.129E-01 3    0  0
  1.155   0.000   7.345   0.000   0.0775  0.134E-01 3    0  0
  1.165   0.000   7.335   0.000   0.0784  0.138E-01 3    0  0
  1.175   0.000   7.325   0.000   0.0794  0.142E-01 3    0  0
  1.185   0.000   7.315   0.000   0.0050  0.000E+00 3    0 26
  1.195   0.000   7.305   0.000   0.0050  0.000E+00 3    0 26
  1.205   0.000   7.295   0.000   0.0050  0.000E+00 3    0 26
  1.215   0.000   7.285   0.000   0.0050  0.000E+00 3    0 26
  1.225   0.000   7.275   0.000   0.0050  0.000E+00 3    0 26
  1.235   0.000   7.265   0.000   0.0050  0.000E+00 3    0 26
  1.245   0.000   7.255   0.000   0.0050  0.000E+00 3    0 26
  1.255   0.000   7.245   0.000   0.0050  0.000E+00 3    0 26
  1.265   0.000   7.235   0.000   0.0050  0.000E+00 3    0 26
  1.275   0.000   7.225   0.000   0.0050  0.000E+00 3    0 26
  1.285   0.000   7.215   0.000   0.0050  0.000E+00 3    0 26
  1.295   0.000   7.205   0.000   0.0050  0.000E+00 3    0 26
  1.305   0.000   7.195   0.000   0.0050  0.000E+00 3    0 26
  1.315   0.000   7.185   0.000   0.0050  0.000E+00 3    0 26
  1.325   0.000   7.175   0.000   0.0050  0.000E+00 3    0 26
  1.335   0.000   7.165   0.000   0.0050  0.000E+00 3    0 26
  1.345   0.000   7.155   0.000   0.0050  0.000E+00 3    0 26
  1.355   0.000   7.145   0.000   0.0050  0.000E+00 3    0 26
  1.365   0.000   7.135   0.000   0.0116  0.000E+00 3  176 26
  1.375   0.000   7.125   0.000   0.0165  0.000E+00 3  176 26
  1.385   0.000   7.115   0.000   0.0242  0.000E+00 3  176 26
  1.395   0.000   7.105   0.000   0.0357  0.000E+00 3  176 26
  1.405   0.000   7.095   0.000   0.0520  0.000E+00 3  176 26
  1.415   0.000   7.085   0.000   0.0739  0.000E+00 3  176 26
  1.425   0.000   7.075   0.000   0.1018  0.000E+00 3  176 26
  1.435   0.000   7.065   0.000   0.1353  0.000E+00 3  176 26
  1.445   0.000   7.055   0.000   0.1729  0.000E+00 3  176 26
  1.455   0.000   7.045   0.000   0.2121  0.000E+00 3  176 26
  1.465   0.000   7.035   0.000   0.2498  0.000E+00 3  176 26
  1.475   0.000   7.025   0.000   0.2820  0.000E+00 3  176 26
  1.485   0.000   7.015   0.000   0.3052  0.000E+00 3  176 26
  1.495   0.000   7.005   0.000   0.3165  0.000E+00 3  176 26
  1.505   0.000   6.995   0.000   0.3146  0.000E+00 3  176 26
  1.515   0.000   6.985   0.000   0.2997  0.000E+00 3  176 26
  1.525   0.000   6.975   0.000   0.2737  0.000E+00 3  176 26
  1.535   0.000   6.965   0.000   0.2395  0.000E+00 3  176 26
  1.545   0.000   6.955   0.000   0.2011  0.000E+00 3  176 26
  1.555   0.000   6.945   0.000   0.1620  0.000E+00 3  176 26
  1.565   0.000   6.935   0.000   0.1254  0.000E+00 3  176 26
  1.575   0.000   6.925   0.000   0.0934  0.000E+00 3  176 26
  1.585   0.000   6.915   0.000   0.0671  0.000E+00 3  176 26
  1.595   0.000   6.905   0.000   0.0469  0.000E+00 3  176 26
  1.605   0.000   6.895   0.000   0.0320  0.000E+00 3  176 26
  1.615   0.000   6.885   0.000   0.0217  0.000E+00 3  176 26
  1.625   0.000   6.875   0.000   0.0149  0.000E+00 3  176 26
  1.635   0.000   6.865   0.000   0.0106  0.000E+00 3  176 26
  1.645   0.000   6.855   0.000   0.0050  0.000E+00 3    0 26
  1.655   0.000   6.845   0.000   0.0050  0.000E+00 3    0 26
  1.665   0.000   6.835   0.000   0.0050  0.000E+00 3    0 26
  1.675   0.000   6.825   0.000   0.0050  0.000E+00 3    0 26
  1.685   0.000   6.815   0.000   0.0050  0.000E+00 3    0 26
  1.695   0.000   6.805   0.000   0.0050  0.000E+00 3    0 26
  1.705   0.000   6.795   0.000   0.0050  0.000E+00 3    0 26
  1.715   0.000   6.785   0.000   0.0050  0.000E+00 3    0 26
  1.725   0.000   6.775   0.000   0.0050  0.000E+00 3    0 26
  1.735   0.000   6.765   0.000   0.0050  0.000E+00 3    0 26
  1.745   0.000   6.755   0.000   0.0050  0.000E+00 3    0 26
  1.755   0.000   6.745   0.000   0.0050  0.000E+00 3    0 26
  1.765   0.000   6.735   0.000   0.1002  0.368E-01 3    0  0
  1.775   0.000   6.725   0.000   0.0999  0.371E-01 3    0  0
  1.785   0.000   6.715   0.000   0.0995  0.374E-01 3    0  0
  1.795   0.000   6.705   0.000   0.0991  0.378E-01 3    0  0
  1.805   0.000   6.695   0.000   0.0987  0.381E-01 3    0  0
  1.815   0.000   6.685   0.000   0.0983  0.385E-01 3    0  0
  1.825   0.000   6.675   0.000   0.0979  0.389E-01 3    0  0
  1.835   0.000   6.665   0.000   0.0974  0.393E-01 3    0  0
  1.845   0.000   6.655   0.000   0.0970  0.397E-01 3    0  0
  1.855   0.000   6.645   0.000   0.0965  0.401E-01 3    0  0
  1.865   0.000   6.635   0.000   0.0960  0.405E-01 3    0  0
  1.875   0.000   6.625   0.000   0.0955  0.410E-01 3    0  0
  1.885   0.000   6.615   0.000   0.0950  0.414E-01 3    0  0
  1.895   0.000   6.605   0.000   0.0945  0.419E-01 3    0  0
  1.905   0.000   6.595   0.000   0.0939  0.424E-01 3    0  0
  1.915   0.000   6.585   0.000   0.0934  0.429E-01 3    0  0
  1.925   0.000   6.575   0.000   0.0929  0.435E-01 3    0  0
  1.935   0.000   6.565   0.000   0.0923  0.440E-01 3    0  0
  1.945   0.000   6.555   0.000   0.0918  0.446E-01 3    0  0
  1.955   0.000   6.545   0.000   0.0912  0.452E-01 3    0  0
  1.965   0.000   6.535   0.000   0.0906  0.459E-01 3    0  0
  1.975   0.000   6.525   0.000   0.0901  0.465E-01 3    0  0
  1.985   0.000   6.515   0.000   0.0895  0.472E-01 3    0  0
  1.995   0.000   6.505   0.000   0.0889  0.479E-01 3    0  0
  2.005   0.000   6.495   0.000   0.0884  0.487E-01 3    0  0
  2.015   0.000   6.485   0.000   0.0878  0.494E-01 3    0  0
  2.025   0.000   6.475   0.000   0.0872  0.502E-01 3    0  0
  2.035   0.000   6.465   0.000   0.0867  0.511E-01 3    0  0
  2.045   0.000   6.455   0.000   0.0861  0.519E-01 3    0  0
  2.055   0.000   6.445   0.000   0.0856  0.528E-01 3    0  0
  2.065   0.000   6.435   0.000   0.0850  0.537E-01 3    0  0
  2.075   0.000   6.425   0.000   0.0844  0.547E-01 3    0  0
  2.085   0.000   6.415   0.000   0.0839  0.557E-01 3    0  0
  2.095   0.000   6.405   0.000   0.0834  0.567E-01 3    0  0
  2.105   0.000   6.395   0.000   0.0828  0.578E-01 3    0  0
  2.115   0.000   6.385   0.000   0.0823  0.588E-01 3    0  0
  2.125   0.000   6.375   0.000   0.0818  0.600E-01 3    0  0
  2.135   0.000   6.365   0.000   0.0813  0.611E-01 3    0  0
  2.145   0.000   6.355   0.000   0.0808  0.623E-01 3    0  0
  2.155   0.000   6.345   0.000   0.0803  0.636E-01 3    0  0
  2.165   0.000   6.335   0.000   0.0798  0.648E-01 3    0  0
  2.175   0.000   6.325   0.000   0.0793  0.661E-01 3    0  0
  2.185   0.000   6.315   0.000   0.0789  0.675E-01 3    0  0
  2.195   0.000   6.305   0.000   0.0784  0.688E-01 3    0  0
  2.205   0.000   6.295   0.000   0.0780  0.703E-01 3    0  0
  2.215   0.000   6.285   0.000   0.0776  0.717E-01 3    0  0
  2.225   0.000   6.275   0.000   0.0772  0.732E-01 3    0  0
  2.235   0.000   6.265   0.000   0.0768  0.747E-01 3    0  0
  2.245   0.000   6.255   0.000   0.0764  0.763E-01 3    0  0
  2.255   0.000   6.245   0.000   0.0760  0.779E-01 3    0  0
  2.265   0.000   6.235   0.000   0.0757  0.796E-01 3    0  0
  2.275   0.000   6.225   0.000   0.0753  0.813E-01 3    0  0
  2.285   0.000   6.215   0.000   0.0750  0.830E-01 3    0  0
  2.295   0.000   6.205   0.000   0.0747  0.848E-01 3    0  0
  2.305   0.000   6.195   0.000   0.0744  0.866E-01 3    0  0
  2.315   0.000   6.185   0.000   0.0741  0.884E-01 3    0  0
  2.325   0.000   6.175   0.000   0.0738  0.903E-01 3    0  0
  2.335   0.000   6.165   0.000   0.0736  0.923E-01 3    0  0
  2.345   0.000   6.155   0.000   0.0733  0.943E-01 3    0  0
  2.355   0.000   6.145   0.000   0.0731  0.963E-01 3    0  0
  2.365   0.000   6.135   0.000   0.0729  0.983E-01 3    0  0
  2.375   0.000   6.125   0.000   0.0727  0.100E+00 3    0  0
  2.385   0.000   6.115   0.000   0.0725  0.103E+00 3    0  0
  2.395   0.000   6.105   0.000   1.0076  0.350E+03 3  177  0
  2.405   0.000   6.095   0.000   1.0078  0.350E+03 3  177  0
  2.415   0.000   6.085   0.000   0.0721  0.109E+00 3    0  0
  2.425   0.000   6.075   0.000   0.0720  0.112E+00 3    0  0
  2.435   0.000   6.065   0.000   0.0719  0.114E+00 3    0  0
  2.445   0.000   6.055   0.000   0.0718  0.116E+00 3    0  0
  2.455   0.000   6.045   0.000   0.0718  0.119E+00 3    0  0
  2.465   0.000   6.035   0.000   0.0717  0.121E+00 3    0  0
  2.475   0.000   6.025   0.000   0.0717  0.124E+00 3    0  0
  2.485   0.000   6.015   0.000   0.0717  0.126E+00 3    0  0
  2.495   0.000   6.005   0.000   0.0716  0.129E+00 2    0  0
  2.505   0.000   5.995   0.000   0.0717  0.132E+00 2    0  0
  2.515   0.000   5.985   0.000   0.0717  0.134E+00 2    0  0
  2.525   0.000   5.975   0.000   0.0717  0.137E+00 2    0  0
  2.535   0.000   5.965   0.000   0.0718  0.140E+00 2    0  0
  2.545   0.000   5.955   0.000   0.0718  0.143E+00 2    0  0
  2.555   0.000   5.945   0.000   0.0719  0.146E+00 2    0  0
  2.565   0.000   5.935   0.000   0.0720  0.149E+00 2    0  0
  2.575   0.000   5.925   0.000   0.0721  0.152E+00 2    0  0
  2.585   0.000   5.915   0.000   0.0722  0.155E+00 2    0  0
  2.595   0.000   5.905   0.000   0.0724  0.158E+00 2    0  0
  2.605   0.000   5.895   0.000   0.0725  0.161E+00 2    0  0
  2.615   0.000   5.885   0.000   0.0727  0.164E+00 2    0  0
  2.625   0.000   5.875   0.000   0.0729  0.167E+00 2    0  0
  2.635   0.000   5.865   0.000   0.0730  0.170E+00 2    0  0
  2.645   0.000   5.855   0.000   0.0732  0.173E+00 2    0  0
  2.655   0.000   5.845   0.000   0.0734  0.177E+00 2    0  0
  2.665   0.000   5.835   0.000   0.0737  0.180E+00 2    0  0
  2.675   0.000   5.825   0.000   0.0739  0.184E+00 2    0  0
  2.685   0.000   5.815   0.000   0.0741  0.187E+00 2    0  0
  2.695   0.000   5.805   0.000   0.0744  0.191E+00 2    0  0
  2.705   0.000   5.795   0.000   0.0746  0.194E+00 2    0  0
  2.715   0.000   5.785   0.000   0.0749  0.198E+00 2    0  0
  2.725   0.000   5.775   0.000   0.0752  0.201E+00 2    0  0
  2.735   0.000   5.765   0.000   0.0755  0.205E+00 2    0  0
  2.745   0.000   5.755   0.000   0.0758  0.209E+00 2    0  0
  2.755   0.000   5.745   0.000   0.0761  0.212E+00 2    0  0
  2.765   0.000   5.735   0.000   0.0764  0.216E+00 2    0  0
  2.775   0.000   5.725   0.000   0.0767  0.220E+00 2    0  0
  2.785   0.000   5.715   0.000   0.0770  0.224E+00 2    0  0
  2.795   0.000   5.705   0.000   0.0773  0.228E+00 2    0  0
  2.805   0.000   5.695   0.000   0.0777  0.232E+00 2    0  0
  2.815   0.000   5.685   0.000   0.0780  0.236E+00 2    0  0
  2.825   0.000   5.675   0.000   0.0784  0.240E+00 2    0  0
  2.835   0.000   5.665   0.000   0.0787  0.244E+00 2    0  0
  2.845   0.000   5.655   0.000   0.0791  0.248E+00 2    0  0
  2.855   0.000   5.645   0.000   0.0795  0.252E+00 2    0  0
  2.865   0.000   5.635   0.000   0.0799  0.256E+00 2    0  0
  2.875   0.000   5.625   0.000   0.0802  0.261E+00 2    0  0
  2.885   0.000   5.615   0.000   0.0806  0.265E+00 2    0  0
  2.895   0.000   5.605   0.000   0.0810  0.269E+00 2    0  0
  2.905   0.000   5.595   0.000   0.0814  0.273E+00 2    0  0
  2.915   0.000   5.585   0.000   0.0818  0.278E+00 2    0  0
  2.925   0.000   5.575   0.000   0.0822  0.282E+00 2    0  0
  2.935   0.000   5.565   0.000   0.0826  0.287E+00 2    0  0
  2.945   0.000   5.555   0.000   0.0830  0.291E+00 2    0  0
  2.955   0.000   5.545   0.000   0.0834  0.296E+00 2    0  0
  2.965   0.000   5.535   0.000   0.0838  0.300E+00 2    0  0
  2.975   0.000   5.525   0.000   0.0842  0.305E+00 2    0  0
  2.985   0.000   5.515   0.000   0.0846  0.309E+00 2    0  0
  2.995   0.000   5.505   0.000   0.0850  0.314E+00 2    0  0
  3.005   0.000   5.495   0.000   0.0855  0.319E+00 2    0  0
  3.015   0.000   5.485   0.000   0.0859  0.323E+00 2    0  0
  3.025   0.000   5.475   0.000   0.0863  0.328E+00 2    0  0
  3.035   0.000   5.465   0.000   0.0867  0.333E+00 2    0  0
  3.045   0.000   5.455   0.000   0.0871  0.338E+00 2    0  0
  3.055   0.000   5.445   0.000   0.0876  0.343E+00 2    0  0
  3.065   0.000   5.435   0.000   0.0880  0.347E+00 2    0  0
  3.075   0.000   5.425   0.000   0.0884  0.352E+00 2    0  0
  3.085   0.000   5.415   0.000   0.0888  0.357E+00 2    0  0
  3.095   0.000   5.405   0.000   0.0892  0.362E+00 2    0  0
  3.105   0.000   5.395   0.000   0.0897  0.367E+00 2    0  0
  3.115   0.000   5.385   0.000   0.0901  0.372E+00 2    0  0
  3.125   0.000   5.375   0.000   0.0905  0.377E+00 2    0  0
  3.135   0.000   5.365   0.000   0.0909  0.382E+00 2    0  0
  3.145   0.000   5.355   0.000   0.0913  0.387E+00 2    0  0
  3.155   0.000   5.345   0.000   0.0917  0.392E+00 2    0  0
  3.165   0.000   5.335   0.000   0.0921  0.397E+00 2    0  0
  3.175   0.000   5.325   0.000   0.0925  0.402E+00 2    0  0
  3.185   0.000   5.315   0.000   0.0930  0.407E+00 2    0  0
  3.195   0.000   5.305   0.000   0.0934  0.412E+00 2    0  0
  3.205   0.000   5.295   0.000   0.0938  0.418E+00 2    0  0
  3.215   0.000   5.285   0.000   0.0942  0.423E+00 2    0  0
  3.225   0.000   5.275   0.000   0.0945  0.428E+00 2    0  0
  3.235   0.000   5.265   0.000   0.0949  0.433E+00 2    0  0
  3.245   0.000   5.255   0.000   0.0953  0.438E+00 2    0  0
  3.255   0.000   5.245   0.000   0.0957  0.443E+00 2    0  0
  3.265   0.000   5.235   0.000   0.0961  0.448E+00 2    0  0
  3.275   0.000   5.225   0.000   0.0965  0.454E+00 2    0  0
  3.285   0.000   5.215   0.000   0.0969  0.459E+00 2    0  0
  3.295   0.000   5.205   0.000   0.0972  0.464E+00 2    0  0
  3.305   0.000   5.195   0.000   0.0976  0.469E+00 2    0  0
  3.315   0.000   5.185   0.000   0.0980  0.474E+00 2    0  0
  3.325   0.000   5.175   0.000   0.0983  0.480E+00 2    0  0
  3.335   0.000   5.165   0.000   0.0987  0.485E+00 2    0  0
  3.345   0.000   5.155   0.000   0.0990  0.490E+00 2    0  0
  3.355   0.000   5.145   0.000   0.0994  0.495E+00 2    0  0
  3.365   0.000   5.135   0.000   0.0997  0.500E+00 2    0  0
  3.375   0.000   5.125   0.000   0.1001  0.505E+00 2    0  0
  3.385   0.000   5.115   0.000   0.1004  0.510E+00 2    0  0
  3.395   0.000   5.105   0.000   0.1007  0.516E+00 2    0  0
  3.405   0.000   5.095   0.000   0.1011  0.521E+00 2    0  0
  3.415   0.000   5.085   0.000   0.1014  0.526E+00 2    0  0
  3.425   0.000   5.075   0.000   0.1017  0.531E+00 2    0  0
  3.435   0.000   5.065   0.000   0.1020  0.536E+00 2    0  0
  3.445   0.000   5.055   0.000   0.1023  0.541E+00 2    0  0
  3.455   0.000   5.045   0.000   0.1026  0.546E+00 2    0  0
  3.465   0.000   5.035   0.000   0.1029  0.551E+00 2    0  0
  3.475   0.000   5.025   0.000   0.1032  0.556E+00 2    0  0
  3.485   0.000   5.015   0.000   0.1035  0.561E+00 2    0  0
  3.495   0.000   5.005   0.000   0.1038  0.566E+00 2    0  0
  3.505   0.000   4.995   0.000   0.1041  0.571E+00 2    0  0
  3.515   0.000   4.985   0.000   0.1044  0.576E+00 2    0  0
  3.525   0.000   4.975   0.000   0.1046  0.580E+00 2    0  0
  3.535   0.000   4.965   0.000   0.1049  0.585E+00 2    0  0
  3.545   0.000   4.955   0.000   0.1052  0.590E+00 2    0  0
  3.555   0.000   4.945   0.000   0.1054  0.595E+00 2    0  0
  3.565   0.000   4.935   0.000   0.1057  0.600E+00 2    0  0
  3.575   0.000   4.925   0.000   0.1059  0.604E+00 2    0  0
  3.585   0.000   4.915   0.000   0.1061  0.609E+00 2    0  0
  3.595   0.000   4.905   0.000   0.1064  0.613E+00 2    0  0
  3.605   0.000   4.895   0.000   0.1066  0.618E+00 2    0  0
  3.615   0.000   4.885   0.000   0.1068  0.622E+00 2    0  0
  3.625   0.000   4.875   0.000   0.1070  0.627E+00 2    0  0
  3.635   0.000   4.865   0.000   0.1073  0.631E+00 2    0  0
  3.645   0.000   4.855   0.000   0.1075  0.636E+00 2    0  0
  3.655   0.000   4.845   0.000   0.1077  0.640E+00 2    0  0
  3.665   0.000   4.835   0.000   0.1079  0.644E+00 2    0  0
  3.675   0.000   4.825   0.000   0.1081  0.649E+00 2    0  0
  3.685   0.000   4.815   0.000   0.1082  0.653E+00 2    0  0
  3.695   0.000   4.805   0.000   0.1084  0.657E+00 2    0  0
  3.705   0.000   4.795   0.000   0.1086  0.661E+00 2    0  0
  3.715   0.000   4.785   0.000   0.1088  0.665E+00 2    0  0
  3.725   0.000   4.775   0.000   0.1089  0.669E+00 2    0  0
  3.735   0.000   4.765   0.000   0.1091  0.673E+00 2    0  0
  3.745   0.000   4.755   0.000   0.1093  0.677E+00 2    0  0
  3.755   0.000   4.745   0.000   0.1094  0.680E+00 2    0  0
  3.765   0.000   4.735   0.000   0.1096  0.684E+00 2    0  0
  3.775   0.000   4.725   0.000   0.1097  0.688E+00 2    0  0
  3.785   0.000   4.715   0.000   0.1098  0.691E+00 2    0  0
  3.795   0.000   4.705   0.000   0.1100  0.695E+00 2    0  0
  3.805   0.000   4.695   0.000   0.1101  0.698E+00 2    0  0
  3.815   0.000   4.685   0.000   0.1102  0.701E+00 2    0  0
  3.825   0.000   4.675   0.000   0.1104  0.705E+00 2    0  0
  3.835   0.000   4.665   0.000   0.1105  0.708E+00 2    0  0
  3.845   0.000   4.655   0.000   0.1106  0.711E+00 2    0  0
  3.855   0.000   4.645   0.000   0.1107  0.714E+00 2    0  0
  3.865   0.000   4.635   0.000   0.1108  0.717E+00 2    0  0
  3.875   0.000   4.625   0.000   0.1109  0.720E+00 2    0  0
  3.885   0.000   4.615   0.000   0.1110  0.723E+00 2    0  0
  3.895   0.000   4.605   0.000   0.1111  0.726E+00 2    0  0
  3.905   0.000   4.595   0.000   0.1112  0.728E+00 2    0  0
  3.915   0.000   4.585   0.000   0.1113  0.731E+00 2    0  0
  3.925   0.000   4.575   0.000   0.1114  0.734E+00 2    0  0
  3.935   0.000   4.565   0.000   0.1114  0.736E+00 2    0  0
  3.945   0.000   4.555   0.000   0.1115  0.738E+00 2    0  0
  3.955   0.000   4.545   0.000   0.1116  0.741E+00 2    0  0
  3.965   0.000   4.535   0.000   0.1116  0.743E+00 2    0  0
  3.975   0.000   4.525   0.000   0.1117  0.745E+00 2    0  0
  3.985   0.000   4.515   0.000   0.1118  0.747E+00 2    0  0
  3.995   0.000   4.505   0.000   0.1118  0.749E+00 2    0  0
  4.005   0.000   4.495   0.000   0.1119  0.751E+00 2    0  0
  4.015   0.000   4.485   0.000   0.1119  0.752E+00 2    0  0
  4.025   0.000   4.475   0.000   0.1120  0.754E+00 2    0  0
  4.035   0.000   4.465   0.000   0.1120  0.756E+00 2    0  0
  4.045   0.000   4.455   0.000   0.1121  0.757E+00 2    0  0
  4.055   0.000   4.445   0.000   0.1121  0.759E+00 2    0  0
  4.065   0.000   4.435   0.000   0.1122  0.760E+00 2    0  0
  4.075   0.000   4.425   0.000   0.1122  0.761E+00 2    0  0
  4.085   0.000   4.415   0.000   0.1122  0.762E+00 2    0  0
  4.095   0.000   4.405   0.000   0.1122  0.763E+00 2    0  0
  4.105   0.000   4.395   0.000   0.1123  0.764E+00 2    0  0
  4.115   0.000   4.385   0.000   0.1123  0.765E+00 2    0  0
  4.125   0.000   4.375   0.000   0.1123  0.766E+00 2    0  0
  4.135   0.000   4.365   0.000   0.1123  0.766E+00 2    0  0
  4.145   0.000   4.355   0.000   0.1124  0.767E+00 2    0  0
  4.155   0.000   4.345   0.000   0.1124  0.768E+00 2    0  0
  4.165   0.000   4.335   0.000   0.1124  0.768E+00 2    0  0
  4.175   0.000   4.325   0.000   0.1124  0.768E+00 2    0  0
  4.185   0.000   4.315   0.000   0.1124  0.768E+00 2    0  0
  4.195   0.000   4.305   0.000   0.1124  0.768E+00 2    0  0
  4.205   0.000   4.295   0.000   0.1124  0.768E+00 2    0  0
  4.215   0.000   4.285   0.000   0.1125  0.768E+00 1    0  0
  4.225   0.000   4.275   0.000   0.1125  0.768E+00 1    0  0
  4.235   0.000   4.265   0.000   0.1125  0.768E+00 1    0  0
  4.245   0.000   4.255   0.000   0.1125  0.768E+00 1    0  0
  4.255   0.000   4.245   0.000   0.1125  0.767E+00 1    0  0
  4.265   0.000   4.235   0.000   0.1125  0.766E+00 1    0  0
  4.275   0.000   4.225   0.000   0.1125  0.766E+00 1    0  0
  4.285   0.000   4.215   0.000   0.1125  0.765E+00 1    0  0
  4.295   0.000   4.205   0.000   0.1125  0.764E+00 1    0  0
  4.305   0.000   4.195   0.000   0.1124  0.763E+00 1    0  0
  4.315   0.000   4.185   0.000   0.1124  0.762E+00 1    0  0
  4.325   0.000   4.175   0.000   0.1124  0.761E+00 1    0  0
  4.335   0.000   4.165   0.000   0.1124  0.760E+00 1    0  0
  4.345   0.000   4.155   0.000   0.1124  0.759E+00 1    0  0
  4.355   0.000   4.145   0.000   0.1124  0.757E+00 1    0  0
  4.365   0.000   4.135   0.000   0.1124  0.756E+00 1    0  0
  4.375   0.000   4.125   0.000   0.1124  0.754E+00 1    0  0
  4.385   0.000   4.115   0.000   0.1123  0.752E+00 1    0  0
  4.395   0.000   4.105   0.000   0.1123  0.751E+00 1    0  0
  4.405   0.000   4.095   0.000   0.1123  0.749E+00 1    0  0
  4.415   0.000   4.085   0.000   0.1123  0.747E+00 1    0  0
  4.425   0.000   4.075   0.000   0.1122  0.745E+00 1    0  0
  4.435   0.000   4.065   0.000   0.1122  0.743E+00 1    0  0
  4.445   0.000   4.055   0.000   0.1122  0.741E+00 1    0  0
  4.455   0.000   4.045   0.000   0.1121  0.738E+00 1    0  0
  4.465   0.000   4.035   0.000   0.1121  0.736E+00 1    0  0
  4.475   0.000   4.025   0.000   0.1121  0.734E+00 1    0  0
  4.485   0.000   4.015   0.000   0.1120  0.731E+00 1    0  0
  4.495   0.000   4.005   0.000   0.1120  0.728E+00 1    0  0
  4.505   0.000   3.995   0.000   0.1119  0.726E+00 1    0  0
  4.515   0.000   3.985   0.000   0.1119  0.723E+00 1    0  0
  4.525   0.000   3.975   0.000   0.1118  0.720E+00 1    0  0
  4.535   0.000   3.965   0.000   0.1118  0.717E+00 1    0  0
  4.545   0.000   3.955   0.000   0.1117  0.714E+00 1    0  0
  4.555   0.000   3.945   0.000   0.1117  0.711E+00 1    0  0
  4.565   0.000   3.935   0.000   0.1116  0.708E+00 1    0  0
  4.575   0.000   3.925   0.000   0.1115  0.705E+00 1    0  0
  4.585   0.000   3.915   0.000   0.1115  0.702E+00 1    0  0
  4.595   0.000   3.905   0.000   0.1114  0.698E+00 1    0  0
  4.605   0.000   3.895   0.000   0.1113  0.695E+00 1    0  0
  4.615   0.000   3.885   0.000   0.1112  0.691E+00 1    0  0
  4.625   0.000   3.875   0.000   0.1111  0.688E+00 1    0  0
  4.635   0.000   3.865   0.000   0.1110  0.684E+00 1    0  0
  4.645   0.000   3.855   0.000   0.1109  0.680E+00 1    0  0
  4.655   0.000   3.845   0.000   0.1108  0.677E+00 1    0  0
  4.665   0.000   3.835   0.000   0.1107  0.673E+00 1    0  0
  4.675   0.000   3.825   0.000   0.1106  0.669E+00 1    0  0
  4.685   0.000   3.815   0.000   0.1105  0.665E+00 1    0  0
  4.695   0.000   3.805   0.000   0.1104  0.661E+00 1    0  0
  4.705   0.000   3.795   0.000   0.1103  0.657E+00 1    0  0
  4.715   0.000   3.785   0.000   0.1101  0.653E+00 1    0  0
  4.725   0.000   3.775   0.000   0.1100  0.649E+00 1    0  0
  4.735   0.000   3.765   0.000   0.1099  0.644E+00 1    0  0
  4.745   0.000   3.755   0.000   0.1097  0.640E+00 1    0  0
  4.755   0.000   3.745   0.000   0.1096  0.636E+00 1    0  0
  4.765   0.000   3.735   0.000   0.1094  0.631E+00 1    0  0
  4.775   0.000   3.725   0.000   0.1092  0.627E+00 1    0  0
  4.785   0.000   3.715   0.000   0.1090  0.623E+00 1    0  0
  4.795   0.000   3.705   0.000   0.1089  0.618E+00 1    0  0
  4.805   0.000   3.695   0.000   0.1087  0.614E+00 1    0  0
  4.815   0.000   3.685   0.000   0.1085  0.609E+00 1    0  0
  4.825   0.000   3.675   0.000   0.1082  0.604E+00 1    0  0
  4.835   0.000   3.665   0.000   0.1080  0.600E+00 1    0  0
  4.845   0.000   3.655   0.000   0.1078  0.595E+00 1    0  0
  4.855   0.000   3.645   0.000   0.1076  0.590E+00 1    0  0
  4.865   0.000   3.635   0.000   0.1074  0.585E+00 1    0  0
  4.875   0.000   3.625   0.000   0.1071  0.581E+00 1    0  0
  4.885   0.000   3.615   0.000   0.1069  0.576E+00 1    0  0
  4.895   0.000   3.605   0.000   0.1066  0.571E+00 1    0  0
  4.905   0.000   3.595   0.000   0.1064  0.566E+00 1    0  0
  4.915   0.000   3.585   0.000   0.1061  0.561E+00 1    0  0
  4.925   0.000   3.575   0.000   0.1058  0.556E+00 1    0  0
  4.935   0.000   3.565   0.000   0.1056  0.551E+00 1    0  0
  4.945   0.000   3.555   0.000   0.1053  0.546E+00 1    0  0
  4.955   0.000   3.545   0.000   0.1050  0.541E+00 1    0  0
  4.965   0.000   3.535   0.000   0.1047  0.536E+00 1    0  0
  4.975   0.000   3.525   0.000   0.1044  0.531E+00 1    0  0
  4.985   0.000   3.515   0.000   0.1040  0.526E+00 1    0  0
  4.995   0.000   3.505   0.000   0.1037  0.521E+00 1    0  0
  5.005   0.000   3.495   0.000   0.1034  0.516E+00 1    0  0
  5.015   0.000   3.485   0.000   0.1030  0.511E+00 1    0  0
  5.025   0.000   3.475   0.000   0.1027  0.505E+00 1    0  0
  5.035   0.000   3.465   0.000   0.1023  0.500E+00 1    0  0
  5.045   0.000   3.455   0.000   0.1019  0.495E+00 1    0  0
  5.055   0.000   3.445   0.000   0.1016  0.490E+00 1    0  0
  5.065   0.000   3.435   0.000   0.1012  0.485E+00 1    0  0
  5.075   0.000   3.425   0.000   0.1008  0.480E+00 1    0  0
  5.085   0.000   3.415   0.000   0.1004  0.474E+00 1    0  0
  5.095   0.000   3.405   0.000   0.1000  0.469E+00 1    0  0
  5.105   0.000   3.395   0.000   0.0995  0.464E+00 1    0  0
  5.115   0.000   3.385   0.000   0.0991  0.459E+00 1    0  0
  5.125   0.000   3.375   0.000   0.0987  0.454E+00 1    0  0
  5.135   0.000   3.365   0.000   0.0982  0.449E+00 1    0  0
  5.145   0.000   3.355   0.000   0.0978  0.443E+00 1    0  0
  5.155   0.000   3.345   0.000   0.0973  0.438E+00 1    0  0
  5.165   0.000   3.335   0.000   0.0969  0.433E+00 1    0  0
  5.175   0.000   3.325   0.000   0.0964  0.428E+00 1    0  0
  5.185   0.000   3.315   0.000   0.0959  0.423E+00 1    0  0
  5.195   0.000   3.305   0.000   0.0954  0.418E+00 1    0  0
  5.205   0.000   3.295   0.000   0.0950  0.412E+00 1    0  0
  5.215   0.000   3.285   0.000   0.0945  0.407E+00 1    0  0
  5.225   0.000   3.275   0.000   0.0940  0.402E+00 1    0  0
  5.235   0.000   3.265   0.000   0.0935  0.397E+00 1    0  0
  5.245   0.000   3.255   0.000   0.0930  0.392E+00 1    0  0
  5.255   0.000   3.245   0.000   0.0924  0.387E+00 1    0  0
  5.265   0.000   3.235   0.000   0.0919  0.382E+00 1    0  0
  5.275   0.000   3.225   0.000   0.0914  0.377E+00 1    0  0
  5.285   0.000   3.215   0.000   0.0909  0.372E+00 1    0  0
  5.295   0.000   3.205   0.000   0.0903  0.367E+00 1    0  0
  5.305   0.000   3.195   0.000   0.0898  0.362E+00 1    0  0
  5.315   0.000   3.185   0.000   0.0893  0.357E+00 1    0  0
  5.325   0.000   3.175   0.000   0.0887  0.352E+00 1    0  0
  5.335   0.000   3.165   0.000   0.0882  0.347E+00 1    0  0
  5.345   0.000   3.155   0.000   0.0876  0.342E+00 1    0  0
  5.355   0.000   3.145   0.000   0.0871  0.338E+00 1    0  0
  5.365   0.000   3.135   0.000   0.0865  0.333E+00 1    0  0
  5.375   0.000   3.125   0.000   0.0860  0.328E+00 1    0  0
  5.385   0.000   3.115   0.000   0.0854  0.323E+00 1    0  0
  5.395   0.000   3.105   0.000   0.0848  0.319E+00 1    0  0
  5.405   0.000   3.095   0.000   0.0843  0.314E+00 1    0  0
  5.415   0.000   3.085   0.000   0.0837  0.309E+00 1    0  0
  5.425   0.000   3.075   0.000   0.0831  0.305E+00 1    0  0
  5.435   0.000   3.065   0.000   0.0823  0.300E+00 1    0  0
  5.445   0.000   3.055   0.000   0.0818  0.295E+00 1    0  0
  5.455   0.000   3.045   0.000   0.0812  0.291E+00 1    0  0
  5.465   0.000   3.035   0.000   0.0806  0.286E+00 1    0  0
  5.475   0.000   3.025   0.000   0.0801  0.282E+00 1    0  0
  5.485   0.000   3.015   0.000   0.0795  0.277E+00 1    0  0
  5.495   0.000   3.005   0.000   0.0790  0.273E+00 1    0  0
  5.505   0.000   2.995   0.000   0.0784  0.269E+00 1    0  0
  5.515   0.000   2.985   0.000   0.0778  0.264E+00 1    0  0
  5.525   0.000   2.975   0.000   0.0773  0.260E+00 1    0  0
  5.535   0.000   2.965   0.000   0.0767  0.256E+00 1    0  0
  5.545   0.000   2.955   0.000   0.0762  0.252E+00 1    0  0
  5.555   0.000   2.945   0.000   0.0756  0.248E+00 1    0  0
  5.565   0.000   2.935   0.000   0.0751  0.243E+00 1    0  0
  5.575   0.000   2.925   0.000   0.0745  0.239E+00 1    0  0
  5.585   0.000   2.915   0.000   0.0740  0.235E+00 1    0  0
  5.595   0.000   2.905   0.000   0.0734  0.231E+00 1    0  0
  5.605   0.000   2.895   0.000   0.0729  0.227E+00 1    0  0
  5.615   0.000   2.885   0.000   0.0723  0.223E+00 1    0  0
  5.625   0.000   2.875   0.000   0.0718  0.219E+00 1    0  0
  5.635   0.000   2.865   0.000   0.0712  0.216E+00 1    0  0
  5.645   0.000   2.855   0.000   0.0707  0.212E+00 1    0  0
  5.655   0.000   2.845   0.000   0.0702  0.208E+00 1    0  0
  5.665   0.000   2.835   0.000   0.0696  0.204E+00 1    0  0
  5.675   0.000   2.825   0.000   0.0691  0.201E+00 1    0  0
  5.685   0.000   2.815   0.000   0.0686  0.197E+00 1    0  0
  5.695   0.000   2.805   0.000   0.0681  0.193E+00 1    0  0
  5.705   0.000   2.795   0.000   0.0676  0.190E+00 1    0  0
  5.715   0.000   2.785   0.000   0.0671  0.186E+00 1    0  0
  5.725   0.000   2.775   0.000   0.0665  0.183E+00 1    0  0
  5.735   0.000   2.765   0.000   0.0660  0.179E+00 1    0  0
  5.745   0.000   2.755   0.000   0.0655  0.176E+00 1    0  0
  5.755   0.000   2.745   0.000   0.0650  0.173E+00 1    0  0
  5.765   0.000   2.735   0.000   0.0646  0.169E+00 1    0  0
  5.775   0.000   2.725   0.000   0.0641  0.166E+00 1    0  0
  5.785   0.000   2.715   0.000   0.0636  0.163E+00 1    0  0
  5.795   0.000   2.705   0.000   0.0631  0.160E+00 1    0  0
  5.805   0.000   2.695   0.000   0.0626  0.157E+00 1    0  0
  5.815   0.000   2.685   0.000   0.0622  0.154E+00 1    0  0
  5.825   0.000   2.675   0.000   0.0617  0.151E+00 1    0  0
  5.835   0.000   2.665   0.000   0.0612  0.148E+00 1    0  0
  5.845   0.000   2.655   0.000   0.0608  0.145E+00 1    0  0
  5.855   0.000   2.645   0.000   0.0603  0.142E+00 1    0  0
  5.865   0.000   2.635   0.000   0.0599  0.139E+00 1    0  0
  5.875   0.000   2.625   0.000   0.0594  0.136E+00 1    0  0
  5.885   0.000   2.615   0.000   0.0590  0.133E+00 1    0  0
  5.895   0.000   2.605   0.000   0.0585  0.130E+00 1    0  0
  5.905   0.000   2.595   0.000   0.0581  0.128E+00 1    0  0
  5.915   0.000   2.585   0.000   0.0577  0.125E+00 1    0  0
  5.925   0.000   2.575   0.000   0.0573  0.122E+00 1    0  0
  5.935   0.000   2.565   0.000   0.0568  0.120E+00 1    0  0
  5.945   0.000   2.555   0.000   0.0564  0.117E+00 1    0  0
  5.955   0.000   2.545   0.000   0.0560  0.115E+00 1    0  0
  5.965   0.000   2.535   0.000   0.0556  0.112E+00 1    0  0
  5.975   0.000   2.525   0.000   0.0552  0.110E+00 1    0  0
  5.985   0.000   2.515   0.000   0.0548  0.108E+00 1    0  0
  5.995   0.000   2.505   0.000   0.0544  0.105E+00 1    0  0
  6.005   0.000   2.495   0.000   0.0540  0.103E+00 1    0  0
  6.015   0.000   2.485   0.000   0.0536  0.101E+00 1    0  0
  6.025   0.000   2.475   0.000   0.0533  0.984E-01 1    0  0
  6.035   0.000   2.465   0.000   0.0529  0.962E-01 1    0  0
  6.045   0.000   2.455   0.000   0.0525  0.940E-01 1    0  0
  6.055   0.000   2.445   0.000   0.0521  0.919E-01 1    0  0
  6.065   0.000   2.435   0.000   0.0518  0.898E-01 1    0  0
  6.075   0.000   2.425   0.000   0.0514  0.878E-01 1    0  0
  6.085   0.000   2.415   0.000   0.0511  0.858E-01 1    0  0
  6.095   0.000   2.405   0.000   0.0507  0.838E-01 1    0  0
  6.105   0.000   2.395   0.000   0.0504  0.818E-01 1    0  0
  6.115   0.000   2.385   0.000   0.0500  0.799E-01 1    0  0
  6.125   0.000   2.375   0.000   0.0497  0.781E-01 1    0  0
  6.135   0.000   2.365   0.000   0.0493  0.762E-01 1    0  0
  6.145   0.000   2.355   0.000   0.0490  0.744E-01 1    0  0
  6.155   0.000   2.345   0.000   0.0487  0.727E-01 1    0  0
  6.165   0.000   2.335   0.000   0.0483  0.709E-01 1    0  0
  6.175   0.000   2.325   0.000   0.0480  0.692E-01 1    0  0
  6.185   0.000   2.315   0.000   0.0477  0.676E-01 1    0  0
  6.195   0.000   2.305   0.000   0.0474  0.659E-01 1    0  0
  6.205   0.000   2.295   0.000   0.0471  0.643E-01 1    0  0
  6.215   0.000   2.285   0.000   0.0468  0.627E-01 1    0  0
  6.225   0.000   2.275   0.000   0.0465  0.612E-01 1    0  0
  6.235   0.000   2.265   0.000   0.0462  0.597E-01 1    0  0
  6.245   0.000   2.255   0.000   0.0459  0.582E-01 1    0  0
  6.255   0.000   2.245   0.000   0.0456  0.567E-01 1    0  0
  6.265   0.000   2.235   0.000   0.0453  0.553E-01 1    0  0
  6.275   0.000   2.225   0.000   0.0450  0.539E-01 1    0  0
  6.285   0.000   2.215   0.000   0.0447  0.526E-01 1    0  0
  6.295   0.000   2.205   0.000   0.0444  0.512E-01 1    0  0
  6.305   0.000   2.195   0.000   0.0441  0.499E-01 1    0  0
  6.315   0.000   2.185   0.000   0.0439  0.486E-01 1    0  0
  6.325   0.000   2.175   0.000   0.0436  0.474E-01 1    0  0
  6.335   0.000   2.165   0.000   0.0433  0.462E-01 1    0  0
  6.345   0.000   2.155   0.000   0.0431  0.450E-01 1    0  0
  6.355   0.000   2.145   0.000   0.0428  0.438E-01 1    0  0
  6.365   0.000   2.135   0.000   0.0425  0.426E-01 1    0  0
  6.375   0.000   2.125   0.000   0.0423  0.415E-01 1    0  0
  6.385   0.000   2.115   0.000   0.0420  0.404E-01 1    0  0
  6.395   0.000   2.105   0.000   0.0418  0.393E-01 1    0  0
  6.405   0.000   2.095   0.000   0.0415  0.383E-01 1    0  0
  6.415   0.000   2.085   0.000   0.0413  0.373E-01 1    0  0
  6.425   0.000   2.075   0.000   0.0410  0.363E-01 1    0  0
  6.435   0.000   2.065   0.000   0.0408  0.353E-01 1    0  0
  6.445   0.000   2.055   0.000   0.0405  0.343E-01 1    0  0
  6.455   0.000   2.045   0.000   0.0403  0.334E-01 1    0  0
  6.465   0.000   2.035   0.000   0.0401  0.325E-01 1    0  0
  6.475   0.000   2.025   0.000   0.0398  0.316E-01 1    0  0
  6.485   0.000   2.015   0.000   0.0396  0.307E-01 1    0  0
  6.495   0.000   2.005   0.000   0.0394  0.298E-01 1    0  0
  6.505   0.000   1.995   0.000   0.0392  0.290E-01 1    0  0
  6.515   0.000   1.985   0.000   0.0389  0.282E-01 1    0  0
  6.525   0.000   1.975   0.000   0.0387  0.274E-01 1    0  0
  6.535   0.000   1.965   0.000   0.0385  0.266E-01 1    0  0
  6.545   0.000   1.955   0.000   0.0383  0.259E-01 1    0  0
  6.555   0.000   1.945   0.000   0.0381  0.251E-01 1    0  0
  6.565   0.000   1.935   0.000   0.0379  0.244E-01 1    0  0
  6.575   0.000   1.925   0.000   0.0377  0.237E-01 1    0  0
  6.585   0.000   1.915   0.000   0.0375  0.230E-01 1    0  0
  6.595   0.000   1.905   0.000   0.0373  0.224E-01 1    0  0
  6.605   0.000   1.895   0.000   0.0371  0.217E-01 1    0  0
  6.615   0.000   1.885   0.000   0.0369  0.211E-01 1    0  0
  6.625   0.000   1.875   0.000   0.0367  0.205E-01 1    0  0
  6.635   0.000   1.865   0.000   0.0365  0.199E-01 1    0  0
  6.645   0.000   1.855   0.000   0.0363  0.193E-01 1    0  0
  6.655   0.000   1.845   0.000   0.0361  0.187E-01 1    0  0
  6.665   0.000   1.835   0.000   0.0359  0.181E-01 1    0  0
  6.675   0.000   1.825   0.000   0.0357  0.176E-01 1    0  0
  6.685   0.000   1.815   0.000   0.0355  0.171E-01 1    0  0
  6.695   0.000   1.805   0.000   0.0354  0.166E-01 1    0  0
  6.705   0.000   1.795   0.000   0.0352  0.161E-01 1    0  0
  6.715   0.000   1.785   0.000   0.0350  0.156E-01 1    0  0
  6.725   0.000   1.775   0.000   0.0348  0.151E-01 1    0  0
  6.735   0.000   1.765   0.000   0.0347  0.146E-01 1    0  0
  6.745   0.000   1.755   0.000   0.0345  0.142E-01 1    0  0
  6.755   0.000   1.745   0.000   0.0343  0.138E-01 1    0  0
  6.765   0.000   1.735   0.000   0.0342  0.133E-01 1    0  0
  6.775   0.000   1.725   0.000   0.0340  0.129E-01 1    0  0
  6.785   0.000   1.715   0.000   0.0338  0.125E-01 1    0  0
  6.795   0.000   1.705   0.000   0.0337  0.121E-01 1    0  0
  6.805   0.000   1.695   0.000   0.0335  0.117E-01 1    0  0
  6.815   0.000   1.685   0.000   0.0334  0.114E-01 1    0  0
  6.825   0.000   1.675   0.000   0.0332  0.110E-01 1    0  0
  6.835   0.000   1.665   0.000   0.0331  0.107E-01 1    0  0
  6.845   0.000   1.655   0.000   0.0329  0.103E-01 1    0  0
  6.855   0.000   1.645   0.000   0.0328  0.100E-01 1    0  0
  6.865   0.000   1.635   0.000   0.0326  0.968E-02 1    0  0
  6.875   0.000   1.625   0.000   0.0325  0.937E-02 1    0  0
  6.885   0.000   1.615   0.000   0.0323  0.907E-02 1    0  0
  6.895   0.000   1.605   0.000   0.0322  0.877E-02 1    0  0
  6.905   0.000   1.595   0.000   0.0321  0.849E-02 1    0  0
  6.915   0.000   1.585   0.000   0.0319  0.821E-02 1    0  0
  6.925   0.000   1.575   0.000   0.0318  0.795E-02 1    0  0
  6.935   0.000   1.565   0.000   0.0317  0.769E-02 1    0  0
  6.945   0.000   1.555   0.000   0.0315  0.743E-02 1    0  0
  6.955   0.000   1.545   0.000   0.0314  0.719E-02 1    0  0
  6.965   0.000   1.535   0.000   0.0313  0.695E-02 1    0  0
  6.975   0.000   1.525   0.000   0.0311  0.672E-02 0    0  0
  6.985   0.000   1.515   0.000   0.0310  0.650E-02 0    0  0
  6.995   0.000   1.505   0.000   0.0309  0.628E-02 0    0  0
  7.005   0.000   1.495   0.000   0.0308  0.607E-02 0    0  0
  7.015   0.000   1.485   0.000   0.0307  0.587E-02 0    0  0
  7.025   0.000   1.475   0.000   0.0305  0.567E-02 0    0  0
  7.035   0.000   1.465   0.000   0.0304  0.548E-02 0    0  0
  7.045   0.000   1.455   0.000   0.0303  0.529E-02 0    0  0
  7.055   0.000   1.445   0.000   0.0302  0.511E-02 0    0  0
  7.065   0.000   1.435   0.000   0.0301  0.494E-02 0    0  0
  7.075   0.000   1.425   0.000   0.0300  0.477E-02 0    0  0
  7.085   0.000   1.415   0.000   0.0299  0.461E-02 0    0  0
  7.095   0.000   1.405   0.000   0.0298  0.445E-02 0    0  0
  7.105   0.000   1.395   0.000   0.0297  0.430E-02 0    0  0
  7.115   0.000   1.385   0.000   0.0296  0.415E-02 0    0  0
  7.125   0.000   1.375   0.000   0.0295  0.401E-02 0    0  0
  7.135   0.000   1.365   0.000   0.0294  0.387E-02 0    0  0
  7.145   0.000   1.355   0.000   0.0293  0.373E-02 0    0  0
  7.155   0.000   1.345   0.000   0.0292  0.360E-02 0    0  0
  7.165   0.000   1.335   0.000   0.0291  0.348E-02 0    0  0
  7.175   0.000   1.325   0.000   0.0290  0.336E-02 0    0  0
  7.185   0.000   1.315   0.000   0.0289  0.324E-02 0    0  0
  7.195   0.000   1.305   0.000   0.0288  0.313E-02 0    0  0
  7.205   0.000   1.295   0.000   0.0287  0.302E-02 0    0  0
  7.215   0.000   1.285   0.000   0.0286  0.291E-02 0    0  0
  7.225   0.000   1.275   0.000   0.0285  0.281E-02 0    0  0
  7.235   0.000   1.265   0.000   0.0284  0.271E-02 0    0  0
  7.245   0.000   1.255   0.000   0.0284  0.261E-02 0    0  0
  7.255   0.000   1.245   0.000   0.0283  0.252E-02 0    0  0
  7.265   0.000   1.235   0.000   0.0282  0.243E-02 0    0  0
  7.275   0.000   1.225   0.000   0.0281  0.234E-02 0    0  0
  7.285   0.000   1.215   0.000   0.0280  0.226E-02 0    0  0
  7.295   0.000   1.205   0.000   0.0280  0.218E-02 0    0  0
  7.305   0.000   1.195   0.000   0.0279  0.210E-02 0    0  0
  7.315   0.000   1.185   0.000   0.0278  0.202E-02 0    0  0
  7.325   0.000   1.175   0.000   0.0277  0.195E-02 0    0  0
  7.335   0.000   1.165   0.000   0.0277  0.188E-02 0    0  0
  7.345   0.000   1.155   0.000   0.0276  0.181E-02 0    0  0
  7.355   0.000   1.145   0.000   0.0275  0.175E-02 0    0  0
  7.365   0.000   1.135   0.000   0.0275  0.169E-02 0    0  0
  7.375   0.000   1.125   0.000   0.0274  0.163E-02 0    0  0
  7.385   0.000   1.115   0.000   0.0273  0.157E-02 0    0  0
  7.395   0.000   1.105   0.000   0.0273  0.151E-02 0    0  0
  7.405   0.000   1.095   0.000   0.0272  0.146E-02 0    0  0
  7.415   0.000   1.085   0.000   0.0271  0.140E-02 0    0  0
  7.425   0.000   1.075   0.000   0.0271  0.135E-02 0    0  0
  7.435   0.000   1.065   0.000   0.0270  0.130E-02 0    0  0
  7.445   0.000   1.055   0.000   0.0269  0.126E-02 0    0  0
  7.455   0.000   1.045   0.000   0.0269  0.121E-02 0    0  0
  7.465   0.000   1.035   0.000   0.0268  0.117E-02 0    0  0
  7.475   0.000   1.025   0.000   0.0268  0.113E-02 0    0  0
  7.485   0.000   1.015   0.000   0.0267  0.108E-02 0    0  0
  7.495   0.000   1.005   0.000   0.0267  0.105E-02 0    0  0
  7.505   0.000   0.995   0.000   0.0266  0.101E-02 0    0  0
  7.515   0.000   0.985   0.000   0.0265  0.972E-03 0    0  0
  7.525   0.000   0.975   0.000   0.0265  0.937E-03 0    0  0
  7.535   0.000   0.965   0.000   0.0264  0.903E-03 0    0  0
  7.545   0.000   0.955   0.000   0.0264  0.871E-03 0    0  0
  7.555   0.000   0.945   0.000   0.0263  0.840E-03 0    0  0
  7.565   0.000   0.935   0.000   0.0263  0.810E-03 0    0  0
  7.575   0.000   0.925   0.000   0.0262  0.781E-03 0    0  0
  7.585   0.000   0.915   0.000   0.0262  0.753E-03 0    0  0
  7.595   0.000   0.905   0.000   0.0261  0.727E-03 0    0  0
  7.605   0.000   0.895   0.000   0.0261  0.701E-03 0    0  0
  7.615   0.000   0.885   0.000   0.0261  0.676E-03 0    0  0
  7.625   0.000   0.875   0.000   0.0260  0.653E-03 0    0  0
  7.635   0.000   0.865   0.000   0.0260  0.630E-03 0    0  0
  7.645   0.000   0.855   0.000   0.0259  0.608E-03 0    0  0
  7.655   0.000   0.845   0.000   0.0259  0.587E-03 0    0  0
  7.665   0.000   0.835   0.000   0.0258  0.567E-03 0    0  0
  7.675   0.000   0.825   0.000   0.0258  0.547E-03 0    0  0
  7.685   0.000   0.815   0.000   0.0258  0.529E-03 0    0  0
  7.695   0.000   0.805   0.000   0.0257  0.511E-03 0    0  0
  7.705   0.000   0.795   0.000   0.0257  0.493E-03 0    0  0
  7.715   0.000   0.785   0.000   0.0257  0.477E-03 0    0  0
  7.725   0.000   0.775   0.000   0.0256  0.461E-03 0    0  0
  7.735   0.000   0.765   0.000   0.0256  0.446E-03 0    0  0
  7.745   0.000   0.755   0.000   0.0255  0.431E-03 0    0  0
  7.755   0.000   0.745   0.000   0.0255  0.417E-03 0    0  0
  7.765   0.000   0.735   0.000   0.0255  0.403E-03 0    0  0
  7.775   0.000   0.725   0.000   0.0254  0.390E-03 0    0  0
  7.785   0.000   0.715   0.000   0.0254  0.378E-03 0    0  0
  7.795   0.000   0.705   0.000   0.0254  0.366E-03 0    0  0
  7.805   0.000   0.695   0.000   0.0253  0.355E-03 0    0  0
  7.815   0.000   0.685   0.000   0.0253  0.344E-03 0    0  0
  7.825   0.000   0.675   0.000   0.0253  0.333E-03 0    0  0
  7.835   0.000   0.665   0.000   0.0253  0.323E-03 0    0  0
  7.845   0.000   0.655   0.000   0.0252  0.313E-03 0    0  0
  7.855   0.000   0.645   0.000   0.0252  0.304E-03 0    0  0
  7.865   0.000   0.635   0.000   0.0252  0.295E-03 0    0  0
  7.875   0.000   0.625   0.000   0.0251  0.287E-03 0    0  0
  7.885   0.000   0.615   0.000   0.0251  0.279E-03 0    0  0
  7.895   0.000   0.605   0.000   0.0251  0.271E-03 0    0  0
  7.905   0.000   0.595   0.000   0.0251  0.263E-03 0    0  0
  7.915   0.000   0.585   0.000   0.0250  0.256E-03 0    0  0
  7.925   0.000   0.575   0.000   0.0250  0.249E-03 0    0  0
  7.935   0.000   0.565   0.000   0.0250  0.243E-03 0    0  0
  7.945   0.000   0.555   0.000   0.0250  0.236E-03 0    0  0
  7.955   0.000   0.545   0.000   0.0249  0.230E-03 0    0  0
  7.965   0.000   0.535   0.000   0.0249  0.225E-03 0    0  0
  7.975   0.000   0.525   0.000   0.0249  0.219E-03 0    0  0
  7.985   0.000   0.515   0.000   0.0249  0.214E-03 0    0  0
  7.995   0.000   0.505   0.000   0.0249  0.209E-03 0    0  0
  8.005   0.000   0.495   0.000   0.0248  0.204E-03 0    0  0
  8.015   0.000   0.485   0.000   0.0248  0.199E-03 0    0  0
  8.025   0.000   0.475   0.000   0.0248  0.195E-03 0    0  0
  8.035   0.000   0.465   0.000   0.0248  0.191E-03 0    0  0
  8.045   0.000   0.455   0.000   0.0248  0.187E-03 0    0  0
  8.055   0.000   0.445   0.000   0.0247  0.183E-03 0    0  0
  8.065   0.000   0.435   0.000   0.0247  0.179E-03 0    0  0
  8.075   0.000   0.425   0.000   0.0247  0.175E-03 0    0  0
  8.085   0.000   0.415   0.000   0.0247  0.172E-03 0    0  0
  8.095   0.000   0.405   0.000   0.0247  0.169E-03 0    0  0
  8.105   0.000   0.395   0.000   0.0247  0.166E-03 0    0  0
  8.115   0.000   0.385   0.000   0.0246  0.163E-03 0    0  0
  8.125   0.000   0.375   0.000   0.0246  0.160E-03 0    0  0
  8.135   0.000   0.365   0.000   0.0246  0.157E-03 0    0  0
  8.145   0.000   0.355   0.000   0.0246  0.155E-03 0    0  0
  8.155   0.000   0.345   0.000   0.0246  0.152E-03 0    0  0
  8.165   0.000   0.335   0.000   0.0246  0.150E-03 0    0  0
  8.175   0.000   0.325   0.000   0.0245  0.148E-03 0    0  0
  8.185   0.000   0.315   0.000   0.0245  0.146E-03 0    0  0
  8.195   0.000   0.305   0.000   0.0245  0.144E-03 0    0  0
  8.205   0.000   0.295   0.000   0.0245  0.142E-03 0    0  0
  8.215   0.000   0.285   0.000   0.0245  0.140E-03 0    0  0
  8.225   0.000   0.275   0.000   0.0245  0.138E-03 0    0  0
  8.235   0.000   0.265   0.000   0.0245  0.136E-03 0    0  0
  8.245   0.000   0.255   0.000   0.0245  0.135E-03 0    0  0
  8.255   0.000   0.245   0.000   0.0244  0.133E-03 0    0  0
  8.265   0.000   0.235   0.000   0.0244  0.132E-03 0    0  0
  8.275   0.000   0.225   0.000   0.0244  0.130E-03 0    0  0
  8.285   0.000   0.215   0.000   0.5611  0.000E+00 0    0 23
  8.295   0.000   0.205   0.000   0.6851  0.000E+00 0    0 23
  8.305   0.000   0.195   0.000   0.8286  0.000E+00 0    0 23
  8.315   0.000   0.185   0.000   0.9926  0.000E+00 0    0 23
  8.325   0.000   0.175   0.000   1.1779  0.000E+00 0    0 23
  8.335   0.000   0.165   0.000   1.3845  0.000E+00 0    0 23
  8.345   0.000   0.155   0.000   1.6120  0.000E+00 0    0 23
  8.355   0.000   0.145   0.000   1.8590  0.000E+00 0    0 23
  8.365   0.000   0.135   0.000   2.1236  0.000E+00 0    0 23
  8.375   0.000   0.125   0.000   2.4029  0.000E+00 0    0 23
  8.385   0.000   0.115   0.000   2.6932  0.000E+00 0    0 23
  8.395   0.000   0.105   0.000   2.9900  0.000E+00 0    0 23
  8.405   0.000   0.095   0.000   3.2881  0.000E+00 0    0 23
  8.415   0.000   0.085   0.000   3.5817  0.000E+00 0    0 23
  8.425   0.000   0.075   0.000   3.8645  0.000E+00 0    0 23
  8.435   0.000   0.065   0.000   4.1302  0.000E+00 0    0 23
  8.445   0.000   0.055   0.000   4.3723  0.000E+00 0    0 23
  8.455   0.000   0.045   0.000   4.5849  0.000E+00 0    0 23
  8.465   0.000   0.035   0.000   4.7622  0.000E+00 0    0 23
  8.475   0.000   0.025   0.000   4.8996  0.000E+00 0    0 23
  8.485   0.000   0.015   0.000   4.9932  0.000E+00 0    0 23
  8.495   0.000   0.005   0.000   5.0404  0.000E+00 0    0 23
  8.505   0.000  -0.005   0.000   5.0399  0.000E+00 0    0 23
  8.515   0.000  -0.015   0.000   4.9917  0.000E+00 0    0 23
  8.525   0.000  -0.025   0.000   4.8971  0.000E+00 0    0 23
  8.535   0.000  -0.035   0.000   4.7589  0.000E+00 0    0 23
  8.545   0.000  -0.045   0.000   4.5807  0.000E+00 0    0 23
  8.555   0.000  -0.055   0.000   4.3675  0.000E+00 0    0 23
